SAMP2	COMMD3	pheno166.2	EXPR_BIN	PHENOTYPE
GTEX-111CU	26.23	0.0902305064899447	[17.4,31.5]	0.0902305064899447
GTEX-111FC	27.59	0.152605817641249	[17.4,31.5]	0.152605817641249
GTEX-111VG	37.52	0.333031771851883	(37.1,61.6]	0.333031771851883
GTEX-111YS	24.91	0.128174193284736	[17.4,31.5]	0.128174193284736
GTEX-1122O	29.53	0.106686060183999	[17.4,31.5]	0.106686060183999
GTEX-1128S	30.43	0.134593662219512	[17.4,31.5]	0.134593662219512
GTEX-113JC	21.42	0.0122518231082809	[17.4,31.5]	0.0122518231082809
GTEX-117XS	35.98	0.54685118172429	(31.5,37.1]	0.54685118172429
GTEX-117YW	39.21	0.166158982489279	(37.1,61.6]	0.166158982489279
GTEX-117YX	36.83	0.0377962396457054	(31.5,37.1]	0.0377962396457054
GTEX-1192W	40.85	0.308612364031306	(37.1,61.6]	0.308612364031306
GTEX-1192X	33.02	0.00277971853375679	(31.5,37.1]	0.00277971853375679
GTEX-11DXX	26.02	0.178248850073304	[17.4,31.5]	0.178248850073304
GTEX-11DXY	33.78	0.389561561559766	(31.5,37.1]	0.389561561559766
GTEX-11DXZ	40.95	0.153896806434789	(37.1,61.6]	0.153896806434789
GTEX-11DYG	34.75	0.126877646831488	(31.5,37.1]	0.126877646831488
GTEX-11DZ1	32.66	0.0596589645828429	(31.5,37.1]	0.0596589645828429
GTEX-11EI6	39.53	0.224838934258213	(37.1,61.6]	0.224838934258213
GTEX-11EM3	28.91	0.0376140231040452	[17.4,31.5]	0.0376140231040452
GTEX-11EMC	36.56	0.0889666731748644	(31.5,37.1]	0.0889666731748644
GTEX-11EQ8	39.29	0.456912091321179	(37.1,61.6]	0.456912091321179
GTEX-11EQ9	24.4	0.101768911094251	[17.4,31.5]	0.101768911094251
GTEX-11GS4	33.03	0.26540503578478	(31.5,37.1]	0.26540503578478
GTEX-11GSO	25.7	0.125580203989477	[17.4,31.5]	0.125580203989477
GTEX-11I78	25.3	0.0687683708406228	[17.4,31.5]	0.0687683708406228
GTEX-11LCK	32.79	0	(31.5,37.1]	0
GTEX-11NSD	38.49	0.0220314614740984	(37.1,61.6]	0.0220314614740984
GTEX-11NUK	36.57	0.22710074220431	(31.5,37.1]	0.22710074220431
GTEX-11NV4	61.57	1.13293278016846	(37.1,61.6]	1.13293278016846
GTEX-11O72	27.71	0.188262677165268	[17.4,31.5]	0.188262677165268
GTEX-11OF3	40.28	0.336691321568487	(37.1,61.6]	0.336691321568487
GTEX-11P7K	33.86	0.119768486678089	(31.5,37.1]	0.119768486678089
GTEX-11P81	44.6	0.0668530407940296	(37.1,61.6]	0.0668530407940296
GTEX-11P82	32.71	0.133978292443828	(31.5,37.1]	0.133978292443828
GTEX-11TT1	33.69	0.111497742049479	(31.5,37.1]	0.111497742049479
GTEX-11TTK	28.72	0.10828829528639	[17.4,31.5]	0.10828829528639
GTEX-11TUW	26.57	0.291332215235977	[17.4,31.5]	0.291332215235977
GTEX-11UD2	23.75	0.227195444917821	[17.4,31.5]	0.227195444917821
GTEX-11VI4	35.41	0.116409243685197	(31.5,37.1]	0.116409243685197
GTEX-11XUK	37.63	0.321736783661683	(37.1,61.6]	0.321736783661683
GTEX-11ZTS	29.36	0.332139684940114	[17.4,31.5]	0.332139684940114
GTEX-11ZTT	22.61	0.0621379354379635	[17.4,31.5]	0.0621379354379635
GTEX-11ZVC	43.06	0.392716325353806	(37.1,61.6]	0.392716325353806
GTEX-1211K	26.38	0.0444416394968598	[17.4,31.5]	0.0444416394968598
GTEX-1212Z	31.06	0.095866925722515	[17.4,31.5]	0.095866925722515
GTEX-12584	51.05	0.220313225935416	(37.1,61.6]	0.220313225935416
GTEX-12696	33.52	0.236434086599467	(31.5,37.1]	0.236434086599467
GTEX-1269C	26.03	0.282423385419857	[17.4,31.5]	0.282423385419857
GTEX-12BJ1	29.35	0.0397444823851195	[17.4,31.5]	0.0397444823851195
GTEX-12WSC	37.85	0.497726661101718	(37.1,61.6]	0.497726661101718
GTEX-12WSD	46.5	0.228130246765475	(37.1,61.6]	0.228130246765475
GTEX-12WSE	37.4	0.315806823096536	(37.1,61.6]	0.315806823096536
GTEX-12WSG	33	0.422631581116374	(31.5,37.1]	0.422631581116374
GTEX-12WSH	29.04	0.0652435975570654	[17.4,31.5]	0.0652435975570654
GTEX-12WSJ	33.8	0.125418240640811	(31.5,37.1]	0.125418240640811
GTEX-12WSK	32.42	0.0172723106755375	(31.5,37.1]	0.0172723106755375
GTEX-12WSL	36.19	0.0312113383028953	(31.5,37.1]	0.0312113383028953
GTEX-12WSN	31.85	0.185244933078694	(31.5,37.1]	0.185244933078694
GTEX-12ZZX	37.71	0.525526068744541	(37.1,61.6]	0.525526068744541
GTEX-12ZZY	41.57	0.382743817510153	(37.1,61.6]	0.382743817510153
GTEX-12ZZZ	36.7	0.355747114145244	(31.5,37.1]	0.355747114145244
GTEX-13111	40.35	0.21758223270613	(37.1,61.6]	0.21758223270613
GTEX-13112	37.31	0.268633700644615	(37.1,61.6]	0.268633700644615
GTEX-13113	44.64	0.159678158007054	(37.1,61.6]	0.159678158007054
GTEX-1313W	48.43	0.239862702912019	(37.1,61.6]	0.239862702912019
GTEX-131XE	32.08	0.218445184875636	(31.5,37.1]	0.218445184875636
GTEX-131XF	36.2	0.092329860576314	(31.5,37.1]	0.092329860576314
GTEX-131XG	27.49	0.0375579148621777	[17.4,31.5]	0.0375579148621777
GTEX-131XH	41.47	0.19197180730001	(37.1,61.6]	0.19197180730001
GTEX-131YS	37.2	0.518241517029968	(37.1,61.6]	0.518241517029968
GTEX-132AR	36.55	0.142432687924207	(31.5,37.1]	0.142432687924207
GTEX-132NY	36.61	0.422301575441149	(31.5,37.1]	0.422301575441149
GTEX-132QS	32.24	0.102676160881099	(31.5,37.1]	0.102676160881099
GTEX-133LE	33.03	0.228726283476376	(31.5,37.1]	0.228726283476376
GTEX-1399R	38.17	0.112918457640233	(37.1,61.6]	0.112918457640233
GTEX-1399T	34.01	0.311494254171011	(31.5,37.1]	0.311494254171011
GTEX-1399U	32.1	0.0992146146318604	(31.5,37.1]	0.0992146146318604
GTEX-139T6	27.93	0.139349758600176	[17.4,31.5]	0.139349758600176
GTEX-139TS	34.5	0.277052472827964	(31.5,37.1]	0.277052472827964
GTEX-139UW	24.18	0.183236062117676	[17.4,31.5]	0.183236062117676
GTEX-139YR	37.59	0.0183734163981646	(37.1,61.6]	0.0183734163981646
GTEX-13CF3	26.28	0.0399442992025273	[17.4,31.5]	0.0399442992025273
GTEX-13D11	27.41	0.151431160989552	[17.4,31.5]	0.151431160989552
GTEX-13FH7	32.27	0.314890198755871	(31.5,37.1]	0.314890198755871
GTEX-13FHO	38.73	0.291166158795405	(37.1,61.6]	0.291166158795405
GTEX-13FHP	40.35	0.511239957508787	(37.1,61.6]	0.511239957508787
GTEX-13FLV	35.89	0.146527864104134	(31.5,37.1]	0.146527864104134
GTEX-13FLW	42.15	0.426520072708554	(37.1,61.6]	0.426520072708554
GTEX-13FTW	33.91	0	(31.5,37.1]	0
GTEX-13FTY	35.3	0.379622902394113	(31.5,37.1]	0.379622902394113
GTEX-13FXS	40.49	1.10403723789434	(37.1,61.6]	1.10403723789434
GTEX-13G51	39.57	0.335787542605941	(37.1,61.6]	0.335787542605941
GTEX-13IVO	34.12	0	(31.5,37.1]	0
GTEX-13JVG	35.04	0.119554836335356	(31.5,37.1]	0.119554836335356
GTEX-13N11	41.21	0.106333771427185	(37.1,61.6]	0.106333771427185
GTEX-13N1W	25.58	0.161069655130085	[17.4,31.5]	0.161069655130085
GTEX-13N2G	33.27	0.243797283447243	(31.5,37.1]	0.243797283447243
GTEX-13NYB	51.31	0.422526170114733	(37.1,61.6]	0.422526170114733
GTEX-13NYC	28.36	0.0981013736621011	[17.4,31.5]	0.0981013736621011
GTEX-13NZ8	33.55	0.219367835555518	(31.5,37.1]	0.219367835555518
GTEX-13NZ9	44.82	0.447087839629224	(37.1,61.6]	0.447087839629224
GTEX-13NZA	28.35	0.152654337676345	[17.4,31.5]	0.152654337676345
GTEX-13O1R	21.51	0.250030233593458	[17.4,31.5]	0.250030233593458
GTEX-13O21	30.89	0.180314928005248	[17.4,31.5]	0.180314928005248
GTEX-13O3O	36.03	0.24630224546296	(31.5,37.1]	0.24630224546296
GTEX-13O3P	37.55	0.237767021076503	(37.1,61.6]	0.237767021076503
GTEX-13O3Q	45.43	0.10600567317858	(37.1,61.6]	0.10600567317858
GTEX-13O61	36.13	0.156814065582248	(31.5,37.1]	0.156814065582248
GTEX-13OVG	38.07	0.349442632653802	(37.1,61.6]	0.349442632653802
GTEX-13OVI	34.02	0.119351704261259	(31.5,37.1]	0.119351704261259
GTEX-13OVJ	25.58	0.0726543288104734	[17.4,31.5]	0.0726543288104734
GTEX-13OVK	42.25	0.224944687709266	(37.1,61.6]	0.224944687709266
GTEX-13OW5	26.41	0.101161841265347	[17.4,31.5]	0.101161841265347
GTEX-13OW6	34.33	0.295155359968496	(31.5,37.1]	0.295155359968496
GTEX-13OW7	42.38	0.270332538103358	(37.1,61.6]	0.270332538103358
GTEX-13OW8	27.96	0.261956775903404	[17.4,31.5]	0.261956775903404
GTEX-13PDP	31.27	0.00125904462363221	[17.4,31.5]	0.00125904462363221
GTEX-13PL6	38.4	0	(37.1,61.6]	0
GTEX-13PVQ	28.21	0.245167942300636	[17.4,31.5]	0.245167942300636
GTEX-13PVR	33.56	0.449047869822402	(31.5,37.1]	0.449047869822402
GTEX-13QBU	30.97	0.0455739642570617	[17.4,31.5]	0.0455739642570617
GTEX-13QJ3	40.44	0.235687869281568	(37.1,61.6]	0.235687869281568
GTEX-13QJC	36.08	0.577398389087946	(31.5,37.1]	0.577398389087946
GTEX-13RTJ	29.35	0.134625539801108	[17.4,31.5]	0.134625539801108
GTEX-13RTK	34.07	0.0701052932017378	(31.5,37.1]	0.0701052932017378
GTEX-13S86	23.01	0.207487904719137	[17.4,31.5]	0.207487904719137
GTEX-13U4I	46.24	0.228395487252192	(37.1,61.6]	0.228395487252192
GTEX-13VXT	42.12	0.016727539456492	(37.1,61.6]	0.016727539456492
GTEX-13VXU	35.63	0.177870368230608	(31.5,37.1]	0.177870368230608
GTEX-13W46	37.56	0.183250233835978	(37.1,61.6]	0.183250233835978
GTEX-13X6H	32.88	0.157011739914098	(31.5,37.1]	0.157011739914098
GTEX-13X6J	37.03	0.195270698450608	(31.5,37.1]	0.195270698450608
GTEX-13YAN	40.77	0.375319989205653	(37.1,61.6]	0.375319989205653
GTEX-144GL	44.34	0.477762219285872	(37.1,61.6]	0.477762219285872
GTEX-144GM	26.75	0.184191527139956	[17.4,31.5]	0.184191527139956
GTEX-144GO	30.45	0.235449496153987	[17.4,31.5]	0.235449496153987
GTEX-145LT	23.87	0.0300773516837347	[17.4,31.5]	0.0300773516837347
GTEX-145LU	41.13	0.40299157035889	(37.1,61.6]	0.40299157035889
GTEX-145ME	35.52	0.243235025439014	(31.5,37.1]	0.243235025439014
GTEX-145MG	39.7	0.27891599832245	(37.1,61.6]	0.27891599832245
GTEX-145MH	39.94	0.0714608284729363	(37.1,61.6]	0.0714608284729363
GTEX-145MI	32.81	0.00673179725458951	(31.5,37.1]	0.00673179725458951
GTEX-146FQ	36.06	0.264894492481821	(31.5,37.1]	0.264894492481821
GTEX-146FR	31.24	0.153985199718623	[17.4,31.5]	0.153985199718623
GTEX-14753	36.45	0.260687862994551	(31.5,37.1]	0.260687862994551
GTEX-1477Z	46.17	0.333968596998661	(37.1,61.6]	0.333968596998661
GTEX-147F4	36.6	0.205594625203137	(31.5,37.1]	0.205594625203137
GTEX-147GR	37.84	0.317324796627927	(37.1,61.6]	0.317324796627927
GTEX-148VI	39.26	0.193580137440196	(37.1,61.6]	0.193580137440196
GTEX-148VJ	29.26	0.192326790977033	[17.4,31.5]	0.192326790977033
GTEX-1497J	33.91	0.191779646853798	(31.5,37.1]	0.191779646853798
GTEX-14A5H	23.4	0.125370496302351	[17.4,31.5]	0.125370496302351
GTEX-14A6H	51.32	0.256781175873848	(37.1,61.6]	0.256781175873848
GTEX-14ABY	41.97	0.606330904189698	(37.1,61.6]	0.606330904189698
GTEX-14AS3	51.59	0.452070411837633	(37.1,61.6]	0.452070411837633
GTEX-14ASI	37.52	0.21331307121835	(37.1,61.6]	0.21331307121835
GTEX-14B4R	29.92	0.208216617970857	[17.4,31.5]	0.208216617970857
GTEX-14BIN	35.03	0.481758052685978	(31.5,37.1]	0.481758052685978
GTEX-14BMU	42.74	0.712225551582499	(37.1,61.6]	0.712225551582499
GTEX-14BMV	42.11	0.282150937849315	(37.1,61.6]	0.282150937849315
GTEX-14C38	26.44	0.0551994848469782	[17.4,31.5]	0.0551994848469782
GTEX-14C39	35.19	0.0357018255747742	(31.5,37.1]	0.0357018255747742
GTEX-14C5O	30.09	0.275237098000464	[17.4,31.5]	0.275237098000464
GTEX-14DAQ	40.17	0.36426110698094	(37.1,61.6]	0.36426110698094
GTEX-14E6C	27.7	0.229647235626032	[17.4,31.5]	0.229647235626032
GTEX-14E6E	33.41	0.0396734556755712	(31.5,37.1]	0.0396734556755712
GTEX-14E7W	42.01	0.351816563460135	(37.1,61.6]	0.351816563460135
GTEX-14ICK	27.24	0.172449846914061	[17.4,31.5]	0.172449846914061
GTEX-14ICL	30.94	0.0936219249936122	[17.4,31.5]	0.0936219249936122
GTEX-14JIY	31.56	0.155649040040791	(31.5,37.1]	0.155649040040791
GTEX-14PHW	39.11	0.404876998875794	(37.1,61.6]	0.404876998875794
GTEX-14PII	31.77	0.0418622546303167	(31.5,37.1]	0.0418622546303167
GTEX-14PJ3	34.58	0.0894576077623664	(31.5,37.1]	0.0894576077623664
GTEX-14PJ4	25.12	0.125781334784918	[17.4,31.5]	0.125781334784918
GTEX-14PJ6	28.91	0.180270090688816	[17.4,31.5]	0.180270090688816
GTEX-14PJM	42.42	1.6247565521196	(37.1,61.6]	1.6247565521196
GTEX-14PJO	44.7	0.324710192900228	(37.1,61.6]	0.324710192900228
GTEX-14PK6	38.77	0.0434391707081665	(37.1,61.6]	0.0434391707081665
GTEX-14PKU	28.75	0.0976073420690094	[17.4,31.5]	0.0976073420690094
GTEX-14PKV	28.81	0.093717869790413	[17.4,31.5]	0.093717869790413
GTEX-14PN3	24.74	0.0985432401849181	[17.4,31.5]	0.0985432401849181
GTEX-14PN4	35.43	0.0656265856366907	(31.5,37.1]	0.0656265856366907
GTEX-14PQA	36.87	0.212166246877717	(31.5,37.1]	0.212166246877717
GTEX-14XAO	37.01	0.172345555561729	(31.5,37.1]	0.172345555561729
GTEX-15CHC	33.18	0.157245751259	(31.5,37.1]	0.157245751259
GTEX-15CHQ	36.25	0.185447266667379	(31.5,37.1]	0.185447266667379
GTEX-15CHR	31.52	0.197714019472339	(31.5,37.1]	0.197714019472339
GTEX-15D1Q	48.91	0.135828043722172	(37.1,61.6]	0.135828043722172
GTEX-15DCZ	25.67	0.0230128126623146	[17.4,31.5]	0.0230128126623146
GTEX-15DDE	33.22	0.22049821199138	(31.5,37.1]	0.22049821199138
GTEX-15DZA	38.32	0.112415157972387	(37.1,61.6]	0.112415157972387
GTEX-15EO6	39.04	0.0330519330447971	(37.1,61.6]	0.0330519330447971
GTEX-15ER7	42.1	0.26883694667656	(37.1,61.6]	0.26883694667656
GTEX-15ETS	36.88	0.165969081369026	(31.5,37.1]	0.165969081369026
GTEX-15EU6	32.39	0.175768734719307	(31.5,37.1]	0.175768734719307
GTEX-15FZZ	38.92	0.636360532226302	(37.1,61.6]	0.636360532226302
GTEX-15G19	35.18	0.279751080639384	(31.5,37.1]	0.279751080639384
GTEX-15G1A	28.16	0.139404791219816	[17.4,31.5]	0.139404791219816
GTEX-15RIE	30.1	0.136864640247072	[17.4,31.5]	0.136864640247072
GTEX-15RJ7	27.76	0.168487892988599	[17.4,31.5]	0.168487892988599
GTEX-15RJE	32.42	0.0752741088184454	(31.5,37.1]	0.0752741088184454
GTEX-15SB6	40.39	0.225226100049956	(37.1,61.6]	0.225226100049956
GTEX-15SHU	43.93	0.28209929354326	(37.1,61.6]	0.28209929354326
GTEX-15SHV	35.44	0.752205120632605	(31.5,37.1]	0.752205120632605
GTEX-15UF6	33.58	0.202581185447425	(31.5,37.1]	0.202581185447425
GTEX-169BO	33.42	0.111233519355746	(31.5,37.1]	0.111233519355746
GTEX-16AAH	34.21	0.12652862761365	(31.5,37.1]	0.12652862761365
GTEX-16BQI	35.61	0.352349125245154	(31.5,37.1]	0.352349125245154
GTEX-16GPK	32.6	0.252489968711606	(31.5,37.1]	0.252489968711606
GTEX-16MT8	48.14	0.0469857230560707	(37.1,61.6]	0.0469857230560707
GTEX-16MTA	30.77	0.0110733639055209	[17.4,31.5]	0.0110733639055209
GTEX-16NGA	37.24	0.279239643875414	(37.1,61.6]	0.279239643875414
GTEX-16NPX	29.36	0.0809207537210061	[17.4,31.5]	0.0809207537210061
GTEX-16XZY	34.45	0.274625775363601	(31.5,37.1]	0.274625775363601
GTEX-16XZZ	33.67	0.0237526040148777	(31.5,37.1]	0.0237526040148777
GTEX-16YQH	30.53	0.140575621731393	[17.4,31.5]	0.140575621731393
GTEX-16Z82	36.65	0.330545551212418	(31.5,37.1]	0.330545551212418
GTEX-178AV	37.52	0.871074563635941	(37.1,61.6]	0.871074563635941
GTEX-17EVP	31.74	0.208670418522794	(31.5,37.1]	0.208670418522794
GTEX-17EVQ	56.2	0.19113640467547	(37.1,61.6]	0.19113640467547
GTEX-17F96	36.76	0.240185104953884	(31.5,37.1]	0.240185104953884
GTEX-17F97	37.92	0.481491649273854	(37.1,61.6]	0.481491649273854
GTEX-17F9E	22.41	0.154355048691518	[17.4,31.5]	0.154355048691518
GTEX-17F9Y	27.65	0.238490799324932	[17.4,31.5]	0.238490799324932
GTEX-17HG3	38.92	0.537203878424723	(37.1,61.6]	0.537203878424723
GTEX-17HGU	46.72	0.0848204285491374	(37.1,61.6]	0.0848204285491374
GTEX-17HHE	35.99	0.267165969249954	(31.5,37.1]	0.267165969249954
GTEX-17HHY	30	0.260796772956259	[17.4,31.5]	0.260796772956259
GTEX-17HII	30.01	0.316817374255061	[17.4,31.5]	0.316817374255061
GTEX-17JCI	33.09	0.198376230763734	(31.5,37.1]	0.198376230763734
GTEX-17KNJ	34.65	0.14549701180735	(31.5,37.1]	0.14549701180735
GTEX-17MF6	41.27	0.149372652247838	(37.1,61.6]	0.149372652247838
GTEX-183FY	39.28	0.188541821525963	(37.1,61.6]	0.188541821525963
GTEX-183WM	39.13	0.159603434669012	(37.1,61.6]	0.159603434669012
GTEX-18465	54.61	0.253064391128057	(37.1,61.6]	0.253064391128057
GTEX-18A66	40.16	0.163786197780028	(37.1,61.6]	0.163786197780028
GTEX-18A67	41.72	0.476887100201021	(37.1,61.6]	0.476887100201021
GTEX-18A6Q	33.66	0.159103813371404	(31.5,37.1]	0.159103813371404
GTEX-18A7A	45.83	0.181627400815913	(37.1,61.6]	0.181627400815913
GTEX-18D9A	38.95	0.114611746161591	(37.1,61.6]	0.114611746161591
GTEX-18D9B	31.77	0.16622605616416	(31.5,37.1]	0.16622605616416
GTEX-18D9U	34.33	0.148688014958408	(31.5,37.1]	0.148688014958408
GTEX-18QFQ	33.94	0.29709938079661	(31.5,37.1]	0.29709938079661
GTEX-1A3MV	34.18	0.155854023001947	(31.5,37.1]	0.155854023001947
GTEX-1A8FM	35.53	0.191373715625964	(31.5,37.1]	0.191373715625964
GTEX-1A8G6	37.54	0.328811788302612	(37.1,61.6]	0.328811788302612
GTEX-1A8G7	35.26	0.133404953185106	(31.5,37.1]	0.133404953185106
GTEX-1AMEY	25.31	0.156337632395053	[17.4,31.5]	0.156337632395053
GTEX-1AMFI	33.31	0	(31.5,37.1]	0
GTEX-1AX8Z	40.58	0.0874099229508774	(37.1,61.6]	0.0874099229508774
GTEX-1AX9I	38.11	0.296762968073276	(37.1,61.6]	0.296762968073276
GTEX-1AX9J	21.84	0.22597269097645	[17.4,31.5]	0.22597269097645
GTEX-1AX9K	38.95	0.0376663938924895	(37.1,61.6]	0.0376663938924895
GTEX-1AYCT	29.98	0.34902444004917	[17.4,31.5]	0.34902444004917
GTEX-1B8KE	25.48	0.0721499381066287	[17.4,31.5]	0.0721499381066287
GTEX-1B8KZ	45.93	0.212733297481677	(37.1,61.6]	0.212733297481677
GTEX-1B8L1	31.37	0.115412359234253	[17.4,31.5]	0.115412359234253
GTEX-1B8SF	32.25	0.144800062436713	(31.5,37.1]	0.144800062436713
GTEX-1B8SG	38.6	0.303583338001679	(37.1,61.6]	0.303583338001679
GTEX-1B932	38.4	0.210278128049819	(37.1,61.6]	0.210278128049819
GTEX-1B97I	42.02	0.088624546890712	(37.1,61.6]	0.088624546890712
GTEX-1BAJH	31.36	0.235573809575982	[17.4,31.5]	0.235573809575982
GTEX-1C2JI	23.59	0.0361451781459273	[17.4,31.5]	0.0361451781459273
GTEX-1C4CL	40.06	0.292688574094876	(37.1,61.6]	0.292688574094876
GTEX-1C64N	38.6	0.411109241327561	(37.1,61.6]	0.411109241327561
GTEX-1C6VR	46.02	0.20552211132863	(37.1,61.6]	0.20552211132863
GTEX-1C6VS	31.13	0.204117437421049	[17.4,31.5]	0.204117437421049
GTEX-1CAMQ	34.61	0.142167650633644	(31.5,37.1]	0.142167650633644
GTEX-1CAMR	29.02	0.189534877644544	[17.4,31.5]	0.189534877644544
GTEX-1CB4F	42.8	0.321878366690987	(37.1,61.6]	0.321878366690987
GTEX-1CB4H	42.58	0.215968738433944	(37.1,61.6]	0.215968738433944
GTEX-1CB4I	32.56	0.0680178881	(31.5,37.1]	0.0680178881
GTEX-1CB4J	36.39	0.176447698409022	(31.5,37.1]	0.176447698409022
GTEX-1EH9U	30.93	0.0470641274376226	[17.4,31.5]	0.0470641274376226
GTEX-1EKGG	34.48	0.327358829060802	(31.5,37.1]	0.327358829060802
GTEX-1EMGI	26.07	0.308919448312199	[17.4,31.5]	0.308919448312199
GTEX-1EN7A	35.96	0.265125001216796	(31.5,37.1]	0.265125001216796
GTEX-N7MS	42.38	0.437619233607295	(37.1,61.6]	0.437619233607295
GTEX-NFK9	26.07	0.185472567485841	[17.4,31.5]	0.185472567485841
GTEX-OHPK	26.91	0.11182830178039	[17.4,31.5]	0.11182830178039
GTEX-OHPM	31	0	[17.4,31.5]	0
GTEX-OIZG	31.24	0.185452157987247	[17.4,31.5]	0.185452157987247
GTEX-OIZI	34.14	0.118866079051119	(31.5,37.1]	0.118866079051119
GTEX-OOBJ	27.74	0.0913338034302014	[17.4,31.5]	0.0913338034302014
GTEX-OXRK	25.95	0.243188040064397	[17.4,31.5]	0.243188040064397
GTEX-OXRL	28.68	0.160627168624609	[17.4,31.5]	0.160627168624609
GTEX-OXRO	35.87	0.145059631993933	(31.5,37.1]	0.145059631993933
GTEX-OXRP	23.93	0.329125846500186	[17.4,31.5]	0.329125846500186
GTEX-P4PQ	30.45	0.0441741814769949	[17.4,31.5]	0.0441741814769949
GTEX-P4QS	28.71	0.0349591513615169	[17.4,31.5]	0.0349591513615169
GTEX-P4QT	20.86	0.107885992639391	[17.4,31.5]	0.107885992639391
GTEX-P78B	34.28	0.320703489917151	(31.5,37.1]	0.320703489917151
GTEX-PLZ4	34.14	0.146266151761015	(31.5,37.1]	0.146266151761015
GTEX-POYW	56.17	0	(37.1,61.6]	0
GTEX-PWCY	28.32	0.0160916544462661	[17.4,31.5]	0.0160916544462661
GTEX-PWN1	25.15	0.0651829823845757	[17.4,31.5]	0.0651829823845757
GTEX-PX3G	35.55	0.199166274896689	(31.5,37.1]	0.199166274896689
GTEX-Q2AG	32.93	0.338502796094513	(31.5,37.1]	0.338502796094513
GTEX-Q2AH	27.26	0.195174690524835	[17.4,31.5]	0.195174690524835
GTEX-Q2AI	27.18	0.116468410560391	[17.4,31.5]	0.116468410560391
GTEX-Q734	34.92	0.0577078105345315	(31.5,37.1]	0.0577078105345315
GTEX-QDVJ	22.24	0.00454192931644873	[17.4,31.5]	0.00454192931644873
GTEX-QDVN	30.95	0.0759874318188922	[17.4,31.5]	0.0759874318188922
GTEX-QEG5	27.23	0.0583075186521821	[17.4,31.5]	0.0583075186521821
GTEX-QEL4	25.68	0.125077131543941	[17.4,31.5]	0.125077131543941
GTEX-QLQ7	28.07	0.24218109999511	[17.4,31.5]	0.24218109999511
GTEX-QV31	34.94	0.208652769471589	(31.5,37.1]	0.208652769471589
GTEX-QV44	37.3	0.117965230063781	(37.1,61.6]	0.117965230063781
GTEX-QXCU	24.14	0.267904626679971	[17.4,31.5]	0.267904626679971
GTEX-R3RS	36.19	0.444706517227179	(31.5,37.1]	0.444706517227179
GTEX-R53T	34.51	0.207027548313973	(31.5,37.1]	0.207027548313973
GTEX-R55C	25.03	0.0712964838500926	[17.4,31.5]	0.0712964838500926
GTEX-R55E	31.47	0.281954819839004	[17.4,31.5]	0.281954819839004
GTEX-R55G	41.64	0.482761907675571	(37.1,61.6]	0.482761907675571
GTEX-REY6	24.76	0.202881926514576	[17.4,31.5]	0.202881926514576
GTEX-RM2N	28.61	0.154763243701592	[17.4,31.5]	0.154763243701592
GTEX-RN64	41.59	0.233703518912628	(37.1,61.6]	0.233703518912628
GTEX-RNOR	33.54	0.453926712813959	(31.5,37.1]	0.453926712813959
GTEX-RTLS	36.38	0.118816468962948	(31.5,37.1]	0.118816468962948
GTEX-RU1J	24.42	0.138550907615414	[17.4,31.5]	0.138550907615414
GTEX-RU72	30.34	0.668475689434386	[17.4,31.5]	0.668475689434386
GTEX-RUSQ	17.35	0.0325268879025934	[17.4,31.5]	0.0325268879025934
GTEX-RVPV	29.41	0.0596327631292156	[17.4,31.5]	0.0596327631292156
GTEX-RWS6	30.91	0.416244791698077	[17.4,31.5]	0.416244791698077
GTEX-RWSA	23.68	0.148039111435267	[17.4,31.5]	0.148039111435267
GTEX-S32W	26.44	0.196076349044927	[17.4,31.5]	0.196076349044927
GTEX-S341	31.4	0.191322822264007	[17.4,31.5]	0.191322822264007
GTEX-S7SE	38.33	0.286407129359754	(37.1,61.6]	0.286407129359754
GTEX-S7SF	34.51	0.126874505580403	(31.5,37.1]	0.126874505580403
GTEX-SE5C	40.66	0.0795926488726523	(37.1,61.6]	0.0795926488726523
GTEX-SIU8	45.52	0.254355561170328	(37.1,61.6]	0.254355561170328
GTEX-SJXC	42.38	0.0909294754887577	(37.1,61.6]	0.0909294754887577
GTEX-SN8G	41.06	0.213648568384977	(37.1,61.6]	0.213648568384977
GTEX-SNOS	27.4	0.0984358397175546	[17.4,31.5]	0.0984358397175546
GTEX-T2IS	39.24	0.732974045799458	(37.1,61.6]	0.732974045799458
GTEX-T5JW	33.83	0.451997646995787	(31.5,37.1]	0.451997646995787
GTEX-T6MN	38.24	0.514416611644848	(37.1,61.6]	0.514416611644848
GTEX-T6MO	29.79	0.0874673007999635	[17.4,31.5]	0.0874673007999635
GTEX-T8EM	31.78	0.0318335630030854	(31.5,37.1]	0.0318335630030854
GTEX-TKQ1	26.87	0.0466484124304614	[17.4,31.5]	0.0466484124304614
GTEX-TMMY	25.98	0.390641542426	[17.4,31.5]	0.390641542426
GTEX-TSE9	28.61	0.246183440271679	[17.4,31.5]	0.246183440271679
GTEX-U3ZM	26.73	0.131687001182622	[17.4,31.5]	0.131687001182622
GTEX-U3ZN	40.65	0.259397097221988	(37.1,61.6]	0.259397097221988
GTEX-U4B1	26.9	0.099275050252486	[17.4,31.5]	0.099275050252486
GTEX-U8T8	30.01	0.17954112400899	[17.4,31.5]	0.17954112400899
GTEX-UJMC	40.26	0.120940222981218	(37.1,61.6]	0.120940222981218
GTEX-V1D1	33.17	0.272944017147491	(31.5,37.1]	0.272944017147491
GTEX-V955	36.18	0.194937493560085	(31.5,37.1]	0.194937493560085
GTEX-VJYA	44.24	0.1732680249722	(37.1,61.6]	0.1732680249722
GTEX-VUSG	31.38	0.0382608502055514	[17.4,31.5]	0.0382608502055514
GTEX-W5WG	41.96	0.486131196831408	(37.1,61.6]	0.486131196831408
GTEX-W5X1	54.91	0.0834348205871235	(37.1,61.6]	0.0834348205871235
GTEX-WEY5	39.07	0.0579199992702265	(37.1,61.6]	0.0579199992702265
GTEX-WFG7	34.05	0.071884632574288	(31.5,37.1]	0.071884632574288
GTEX-WFG8	36.03	0.0287802663528988	(31.5,37.1]	0.0287802663528988
GTEX-WFJO	30.45	0.172462703240729	[17.4,31.5]	0.172462703240729
GTEX-WH7G	30.34	0.102867003835748	[17.4,31.5]	0.102867003835748
GTEX-WHPG	35.41	0.344596849553435	(31.5,37.1]	0.344596849553435
GTEX-WHSB	37.07	0.0691681425805335	(37.1,61.6]	0.0691681425805335
GTEX-WHSE	21.53	0.383372030658158	[17.4,31.5]	0.383372030658158
GTEX-WK11	37.32	0.281776461533114	(37.1,61.6]	0.281776461533114
GTEX-WL46	34.71	0.261587248132001	(31.5,37.1]	0.261587248132001
GTEX-WOFL	51.57	0.158491001198251	(37.1,61.6]	0.158491001198251
GTEX-WRHU	42.61	0.200438997629063	(37.1,61.6]	0.200438997629063
GTEX-WVLH	36.74	0.538842484460553	(31.5,37.1]	0.538842484460553
GTEX-WWYW	25.98	0.179590336072872	[17.4,31.5]	0.179590336072872
GTEX-WXYG	35.94	0.217613407777639	(31.5,37.1]	0.217613407777639
GTEX-WY7C	37.14	0	(37.1,61.6]	0
GTEX-WYBS	30.82	0.160414501728962	[17.4,31.5]	0.160414501728962
GTEX-WYJK	37.39	0.0762320834969545	(37.1,61.6]	0.0762320834969545
GTEX-WYVS	35.56	0.332307385617859	(31.5,37.1]	0.332307385617859
GTEX-X15G	51.52	0.0760918441314447	(37.1,61.6]	0.0760918441314447
GTEX-X4LF	29.23	0.0560174029495793	[17.4,31.5]	0.0560174029495793
GTEX-X4XX	29.41	0.291977047328349	[17.4,31.5]	0.291977047328349
GTEX-X4XY	41	0.337174833093001	(37.1,61.6]	0.337174833093001
GTEX-X5EB	32.59	0.189347002073837	(31.5,37.1]	0.189347002073837
GTEX-X8HC	35.11	0.349104163305526	(31.5,37.1]	0.349104163305526
GTEX-XBED	32.78	0.073022523403406	(31.5,37.1]	0.073022523403406
GTEX-XBEW	43.09	0.117495547982229	(37.1,61.6]	0.117495547982229
GTEX-XGQ4	28.8	0.169321717786092	[17.4,31.5]	0.169321717786092
GTEX-XLM4	26.86	0.0219347614476369	[17.4,31.5]	0.0219347614476369
GTEX-XMK1	39.93	0.239969423051469	(37.1,61.6]	0.239969423051469
GTEX-XUW1	28.47	0.280114200697354	[17.4,31.5]	0.280114200697354
GTEX-XUZC	29.24	0.186202027272375	[17.4,31.5]	0.186202027272375
GTEX-XV7Q	37.43	0.175348158244116	(37.1,61.6]	0.175348158244116
GTEX-XXEK	30.64	0.267621259626898	[17.4,31.5]	0.267621259626898
GTEX-XYKS	50.47	0.0640656795259687	(37.1,61.6]	0.0640656795259687
GTEX-Y111	40.35	0.398708172678001	(37.1,61.6]	0.398708172678001
GTEX-Y114	29.38	0.00978506976583166	[17.4,31.5]	0.00978506976583166
GTEX-Y3I4	26.27	0.122701964019103	[17.4,31.5]	0.122701964019103
GTEX-Y3IK	37.21	0.390872797506022	(37.1,61.6]	0.390872797506022
GTEX-Y5LM	32.44	0.142295017410272	(31.5,37.1]	0.142295017410272
GTEX-Y5V5	34.53	0.0843052409233693	(31.5,37.1]	0.0843052409233693
GTEX-Y5V6	36.16	0.16063551110456	(31.5,37.1]	0.16063551110456
GTEX-Y8E4	34.23	0.102761481042936	(31.5,37.1]	0.102761481042936
GTEX-Y9LG	29.61	0.175937851122244	[17.4,31.5]	0.175937851122244
GTEX-YB5E	37.35	0.0877740283064444	(37.1,61.6]	0.0877740283064444
GTEX-YB5K	34.78	0.409596981262412	(31.5,37.1]	0.409596981262412
GTEX-YEC3	24.17	0.145988189888377	[17.4,31.5]	0.145988189888377
GTEX-YEC4	27.68	0	[17.4,31.5]	0
GTEX-YF7O	37.07	0.169700524198924	(37.1,61.6]	0.169700524198924
GTEX-YFC4	54.05	0.748861920047886	(37.1,61.6]	0.748861920047886
GTEX-YFCO	31.88	0.138463828095152	(31.5,37.1]	0.138463828095152
GTEX-YJ89	43.05	0.542984525758681	(37.1,61.6]	0.542984525758681
GTEX-Z9EW	30.85	0.109034916657201	[17.4,31.5]	0.109034916657201
GTEX-ZA64	33.01	0.107779045573798	(31.5,37.1]	0.107779045573798
GTEX-ZAB5	32.98	0.29957726695708	(31.5,37.1]	0.29957726695708
GTEX-ZAJG	24.37	0.0587456708528244	[17.4,31.5]	0.0587456708528244
GTEX-ZAK1	43.67	0.298640374334793	(37.1,61.6]	0.298640374334793
GTEX-ZC5H	37.91	0.204837046831288	(37.1,61.6]	0.204837046831288
GTEX-ZDTS	35.89	0.135635800510776	(31.5,37.1]	0.135635800510776
GTEX-ZDYS	28.49	0.109215996725347	[17.4,31.5]	0.109215996725347
GTEX-ZE7O	44.67	0.703305429460058	(37.1,61.6]	0.703305429460058
GTEX-ZF28	32.98	0	(31.5,37.1]	0
GTEX-ZGAY	33.75	0.285456692069558	(31.5,37.1]	0.285456692069558
GTEX-ZLFU	30.63	0.148714473085491	[17.4,31.5]	0.148714473085491
GTEX-ZLV1	43.3	0.581864644912479	(37.1,61.6]	0.581864644912479
GTEX-ZLWG	35.72	0.0861458749302059	(31.5,37.1]	0.0861458749302059
GTEX-ZPCL	34.81	0.0393225232555723	(31.5,37.1]	0.0393225232555723
GTEX-ZPU1	38.79	0.139036381241492	(37.1,61.6]	0.139036381241492
GTEX-ZQG8	33.7	0.018204825788584	(31.5,37.1]	0.018204825788584
GTEX-ZQUD	36.77	0.0886213900550256	(31.5,37.1]	0.0886213900550256
GTEX-ZT9W	20.27	0.0586413011178749	[17.4,31.5]	0.0586413011178749
GTEX-ZT9X	38.06	0.00812263820169205	(37.1,61.6]	0.00812263820169205
GTEX-ZTPG	32.91	0.256841934439061	(31.5,37.1]	0.256841934439061
GTEX-ZTSS	34.19	0.112310550043101	(31.5,37.1]	0.112310550043101
GTEX-ZTX8	33.96	0.0637076584627412	(31.5,37.1]	0.0637076584627412
GTEX-ZUA1	45.18	0.266001046385384	(37.1,61.6]	0.266001046385384
GTEX-ZV6S	29.72	0.0677569622387159	[17.4,31.5]	0.0677569622387159
GTEX-ZV7C	36.46	0.0582363561343001	(31.5,37.1]	0.0582363561343001
GTEX-ZVP2	27.84	0.0461898833537305	[17.4,31.5]	0.0461898833537305
GTEX-ZVT3	43.11	0.376942465919582	(37.1,61.6]	0.376942465919582
GTEX-ZVZP	28.5	0.039685805681292	[17.4,31.5]	0.039685805681292
GTEX-ZVZQ	49.51	0.555891273652985	(37.1,61.6]	0.555891273652985
GTEX-ZXG5	37.21	0.234631635348007	(37.1,61.6]	0.234631635348007
GTEX-ZY6K	36.48	0.236878772820272	(31.5,37.1]	0.236878772820272
GTEX-ZYFC	50.05	0.587095568833056	(37.1,61.6]	0.587095568833056
GTEX-ZYFD	22.33	0.459503640603439	[17.4,31.5]	0.459503640603439
GTEX-ZYFG	31.5	0.105506887076997	[17.4,31.5]	0.105506887076997
GTEX-ZYT6	43.51	0.275498907872771	(37.1,61.6]	0.275498907872771
GTEX-ZYVF	43.74	0.0801892479317857	(37.1,61.6]	0.0801892479317857
GTEX-ZYW4	42.43	0.0964303868754334	(37.1,61.6]	0.0964303868754334
GTEX-ZYY3	35.17	0.567118922273615	(31.5,37.1]	0.567118922273615
GTEX-ZZ64	27.17	0.141428087049029	[17.4,31.5]	0.141428087049029
GTEX-ZZPU	36.45	0.0504398304537234	(31.5,37.1]	0.0504398304537234
