SAMP2	C22orf43	pheno56.2	EXPR_BIN	PHENOTYPE
GTEX-111CU	0.8031	0.242434232543203	(0.795,1.33]	0.242434232543203
GTEX-111YS	1.075	0.250304629662411	(0.795,1.33]	0.250304629662411
GTEX-1122O	1.027	0.36808533745939	(0.795,1.33]	0.36808533745939
GTEX-117XS	1.239	0.512648412706151	(0.795,1.33]	0.512648412706151
GTEX-117YX	1.507	0.357593639873528	(1.33,5.74]	0.357593639873528
GTEX-11DXX	1.684	0.399603231065148	(1.33,5.74]	0.399603231065148
GTEX-11DXY	2.502	0.305789575112603	(1.33,5.74]	0.305789575112603
GTEX-11DXZ	2.589	0.213653598145672	(1.33,5.74]	0.213653598145672
GTEX-11EI6	1.422	0.527269870690253	(1.33,5.74]	0.527269870690253
GTEX-11EM3	0.9014	0.680471305256098	(0.795,1.33]	0.680471305256098
GTEX-11EMC	0.3804	0.43486221708851	[0,0.795]	0.43486221708851
GTEX-11EQ9	0.6011	0.330773820172757	[0,0.795]	0.330773820172757
GTEX-11GS4	1.391	0.294147226548429	(1.33,5.74]	0.294147226548429
GTEX-11I78	0.4555	0.519558411864905	[0,0.795]	0.519558411864905
GTEX-11ONC	0.2997	1.21607161219042	[0,0.795]	1.21607161219042
GTEX-11P7K	0.1682	0.191914780035186	[0,0.795]	0.191914780035186
GTEX-11P81	0.8072	0.183599793394941	(0.795,1.33]	0.183599793394941
GTEX-11PRG	2.76	1.27758361365849	(1.33,5.74]	1.27758361365849
GTEX-11TT1	0.9096	0.410379363764975	(0.795,1.33]	0.410379363764975
GTEX-11TUW	0.134	0.254084320142409	[0,0.795]	0.254084320142409
GTEX-11VI4	0.6947	1.6245197511666	[0,0.795]	1.6245197511666
GTEX-11WQK	0.3016	0.441049661569643	[0,0.795]	0.441049661569643
GTEX-11ZTS	1.096	0.298846964673479	(0.795,1.33]	0.298846964673479
GTEX-11ZTT	1.305	0.204314381778058	(0.795,1.33]	0.204314381778058
GTEX-11ZU8	0.09454	0.430542346567998	[0,0.795]	0.430542346567998
GTEX-1211K	1.017	0.623050281136134	(0.795,1.33]	0.623050281136134
GTEX-1212Z	2.571	0.534043743681743	(1.33,5.74]	0.534043743681743
GTEX-12696	1.592	0.315353259438105	(1.33,5.74]	0.315353259438105
GTEX-12BJ1	0.5287	0.165752733979665	[0,0.795]	0.165752733979665
GTEX-12KS4	2.606	0.609253346393238	(1.33,5.74]	0.609253346393238
GTEX-12WSD	2.546	0.41096222101625	(1.33,5.74]	0.41096222101625
GTEX-12WSG	2.407	0.506538535422937	(1.33,5.74]	0.506538535422937
GTEX-12WSJ	0.8062	0.488909351732473	(0.795,1.33]	0.488909351732473
GTEX-12WSL	0.9453	0.452509453739471	(0.795,1.33]	0.452509453739471
GTEX-12WSM	0.3324	0.150950438012674	[0,0.795]	0.150950438012674
GTEX-12ZZW	1.161	0.638200913022762	(0.795,1.33]	0.638200913022762
GTEX-12ZZX	1.835	0.368128771845618	(1.33,5.74]	0.368128771845618
GTEX-12ZZY	1.577	0.53494488650122	(1.33,5.74]	0.53494488650122
GTEX-13111	1.147	0.636102450414977	(0.795,1.33]	0.636102450414977
GTEX-13113	0.5149	0.843240618779711	[0,0.795]	0.843240618779711
GTEX-131XE	1.406	0.226340933631637	(1.33,5.74]	0.226340933631637
GTEX-131XG	0.5341	0.229547858708798	[0,0.795]	0.229547858708798
GTEX-131YS	1.911	0.284602908241817	(1.33,5.74]	0.284602908241817
GTEX-132AR	1.487	0.392117530471194	(1.33,5.74]	0.392117530471194
GTEX-132NY	2.232	0.377995079024564	(1.33,5.74]	0.377995079024564
GTEX-1339X	1.215	0.261541261241515	(0.795,1.33]	0.261541261241515
GTEX-1399R	0.6873	0.354577138296203	[0,0.795]	0.354577138296203
GTEX-1399U	0.2877	0.259633966969236	[0,0.795]	0.259633966969236
GTEX-139D8	4.481	0.644580832999028	(1.33,5.74]	0.644580832999028
GTEX-139T6	0.6701	0.231688356695649	[0,0.795]	0.231688356695649
GTEX-139TS	1.516	0.261213080239905	(1.33,5.74]	0.261213080239905
GTEX-139UW	0.729	0.192968077217781	[0,0.795]	0.192968077217781
GTEX-13CF2	0.9797	0.322388891291742	(0.795,1.33]	0.322388891291742
GTEX-13CF3	1.069	0.34854359458982	(0.795,1.33]	0.34854359458982
GTEX-13D11	0.6554	0.173525577165619	[0,0.795]	0.173525577165619
GTEX-13FH7	0.4931	0.351126862578023	[0,0.795]	0.351126862578023
GTEX-13FHO	1.768	0.533546830182129	(1.33,5.74]	0.533546830182129
GTEX-13FTW	0.2366	0.199288559530568	[0,0.795]	0.199288559530568
GTEX-13G51	0.6878	0.283101419015368	[0,0.795]	0.283101419015368
GTEX-13N2G	2.773	0.366415662944832	(1.33,5.74]	0.366415662944832
GTEX-13O1R	0	0.351305444385423	[0,0.795]	0.351305444385423
GTEX-13O61	0.1314	0.324599510746132	[0,0.795]	0.324599510746132
GTEX-13OVI	1.253	0.201757454129383	(0.795,1.33]	0.201757454129383
GTEX-13OVJ	0.8484	0.545562156114362	(0.795,1.33]	0.545562156114362
GTEX-13OVK	0.06246	0.418438674972688	[0,0.795]	0.418438674972688
GTEX-13OW5	1.589	0.272934255818589	(1.33,5.74]	0.272934255818589
GTEX-13OW6	0.6989	0.983004355345996	[0,0.795]	0.983004355345996
GTEX-13OW8	2.462	0.199025836415376	(1.33,5.74]	0.199025836415376
GTEX-13PL7	1.775	0.216952728808852	(1.33,5.74]	0.216952728808852
GTEX-13PVQ	1.193	0.22372290351492	(0.795,1.33]	0.22372290351492
GTEX-13PVR	0.2268	0.301707573218032	[0,0.795]	0.301707573218032
GTEX-13QBU	0.8884	0.161452101334392	(0.795,1.33]	0.161452101334392
GTEX-13RTJ	1.194	0.420799670885207	(0.795,1.33]	0.420799670885207
GTEX-13SLW	1.028	0.483925974106075	(0.795,1.33]	0.483925974106075
GTEX-13U4I	2.434	0.368125222224929	(1.33,5.74]	0.368125222224929
GTEX-13VXT	2.094	0.574934199120789	(1.33,5.74]	0.574934199120789
GTEX-13X6I	5.74	1.20224418846728	(1.33,5.74]	1.20224418846728
GTEX-13X6J	1.744	0.183498491040901	(1.33,5.74]	0.183498491040901
GTEX-13X6K	3.778	2.0460390722349	(1.33,5.74]	2.0460390722349
GTEX-144GM	0.2563	0.760137039727849	[0,0.795]	0.760137039727849
GTEX-145LS	3.98	0.776306681838124	(1.33,5.74]	0.776306681838124
GTEX-145LT	0.8041	0.215067720546917	(0.795,1.33]	0.215067720546917
GTEX-145ME	1.103	0.314273608354324	(0.795,1.33]	0.314273608354324
GTEX-145MH	0.807	0.398334788945037	(0.795,1.33]	0.398334788945037
GTEX-145MO	0.1816	0.364318381731903	[0,0.795]	0.364318381731903
GTEX-146FH	1.33	1.59823547980536	(0.795,1.33]	1.59823547980536
GTEX-1477Z	2.794	0.447492117098399	(1.33,5.74]	0.447492117098399
GTEX-147GR	1.593	0.558611191797954	(1.33,5.74]	0.558611191797954
GTEX-147JS	3.417	0.353715105965626	(1.33,5.74]	0.353715105965626
GTEX-148VJ	0.7174	1.18648760764701	[0,0.795]	1.18648760764701
GTEX-14A5H	0.7281	0.399603278184188	[0,0.795]	0.399603278184188
GTEX-14A5I	0.9625	0.505299574562434	(0.795,1.33]	0.505299574562434
GTEX-14AS3	1.37	0.767026463039009	(1.33,5.74]	0.767026463039009
GTEX-14BIN	0.7989	0.308511173645318	(0.795,1.33]	0.308511173645318
GTEX-14BMU	0.6748	0.280904082605244	[0,0.795]	0.280904082605244
GTEX-14C39	1.32	0.885689019192986	(0.795,1.33]	0.885689019192986
GTEX-14C5O	0.4693	0.259471521458432	[0,0.795]	0.259471521458432
GTEX-14DAQ	1.237	0.896023003471045	(0.795,1.33]	0.896023003471045
GTEX-14E1K	1.573	0.165395278673546	(1.33,5.74]	0.165395278673546
GTEX-14E6C	0.54	0.567509346207783	[0,0.795]	0.567509346207783
GTEX-14E6E	1.308	0.236512536547709	(0.795,1.33]	0.236512536547709
GTEX-14JG6	0.5018	0.224088776486388	[0,0.795]	0.224088776486388
GTEX-14PHX	0.8735	0.257989812197918	(0.795,1.33]	0.257989812197918
GTEX-14PJ3	0.6742	0.227998495925926	[0,0.795]	0.227998495925926
GTEX-14PJ4	0.8816	0.275082158049731	(0.795,1.33]	0.275082158049731
GTEX-14PK6	0.6487	0.406200030488631	[0,0.795]	0.406200030488631
GTEX-14PKV	0.8889	1.39441181153444	(0.795,1.33]	1.39441181153444
GTEX-14PN3	0.5607	0.424009471713806	[0,0.795]	0.424009471713806
GTEX-15CHQ	1.222	0.778018369829922	(0.795,1.33]	0.778018369829922
GTEX-15DCZ	1.623	0.418848755142001	(1.33,5.74]	0.418848755142001
GTEX-15DYW	1.273	0.258486696304154	(0.795,1.33]	0.258486696304154
GTEX-15DZA	0.4745	0.391007999542274	[0,0.795]	0.391007999542274
GTEX-15EO6	0.9923	0.512252667023544	(0.795,1.33]	0.512252667023544
GTEX-15ER7	0.8601	0.195503042062214	(0.795,1.33]	0.195503042062214
GTEX-15ETS	1.087	0.204801906851683	(0.795,1.33]	0.204801906851683
GTEX-15F5U	2.021	2.55925113086667	(1.33,5.74]	2.55925113086667
GTEX-15G19	2.889	0.457265357074383	(1.33,5.74]	0.457265357074383
GTEX-15RIE	1.587	0.353652627241389	(1.33,5.74]	0.353652627241389
GTEX-15RIF	1.167	0.225127261703613	(0.795,1.33]	0.225127261703613
GTEX-15RJE	0.5746	0.556263873991424	[0,0.795]	0.556263873991424
GTEX-15UF6	1.36	0.65892735350152	(1.33,5.74]	0.65892735350152
GTEX-15UF7	1.678	0.650788604021827	(1.33,5.74]	0.650788604021827
GTEX-16BQI	0.5396	0.406241110508662	[0,0.795]	0.406241110508662
GTEX-16MTA	1.057	0.23442228489102	(0.795,1.33]	0.23442228489102
GTEX-16NGA	1.25	0.19364111085908	(0.795,1.33]	0.19364111085908
GTEX-16XZZ	0.7681	0.433004100482879	[0,0.795]	0.433004100482879
GTEX-16Z82	1.484	0.3506950394719	(1.33,5.74]	0.3506950394719
GTEX-17EUY	0.9264	0.303955124720384	(0.795,1.33]	0.303955124720384
GTEX-17F96	1.527	0.28301133667456	(1.33,5.74]	0.28301133667456
GTEX-17F9Y	1.502	0.895576062178604	(1.33,5.74]	0.895576062178604
GTEX-17GQL	0.9501	0.531706765789934	(0.795,1.33]	0.531706765789934
GTEX-17HG3	1.806	0.186432922554304	(1.33,5.74]	0.186432922554304
GTEX-17HGU	0.7327	0.416128421463671	[0,0.795]	0.416128421463671
GTEX-17HHE	0.6239	0.445623033777059	[0,0.795]	0.445623033777059
GTEX-17JCI	1.908	0.407542933438366	(1.33,5.74]	0.407542933438366
GTEX-17KNJ	1.63	0.245761319642961	(1.33,5.74]	0.245761319642961
GTEX-17MFQ	0.8033	0.385614513533171	(0.795,1.33]	0.385614513533171
GTEX-183FY	1.121	0.400999416864425	(0.795,1.33]	0.400999416864425
GTEX-183WM	3.375	0.351766602920404	(1.33,5.74]	0.351766602920404
GTEX-18465	1.244	0.447235406263693	(0.795,1.33]	0.447235406263693
GTEX-18A66	0.8396	0.265259607977729	(0.795,1.33]	0.265259607977729
GTEX-18A67	1.568	0.293480964592108	(1.33,5.74]	0.293480964592108
GTEX-18A6Q	1.188	0.2026478601156	(0.795,1.33]	0.2026478601156
GTEX-18D9A	0.06962	0.375606454094443	[0,0.795]	0.375606454094443
GTEX-18QFQ	0.7536	0.159708195131694	[0,0.795]	0.159708195131694
GTEX-1A32A	0.8002	0.298147729093224	(0.795,1.33]	0.298147729093224
GTEX-1A3MV	0.5485	1.24649485435267	[0,0.795]	1.24649485435267
GTEX-1A3MX	0.7522	0.489853203743399	[0,0.795]	0.489853203743399
GTEX-1AMFI	1.289	0.222835381979288	(0.795,1.33]	0.222835381979288
GTEX-1AX9J	0.5523	0.361811891373621	[0,0.795]	0.361811891373621
GTEX-1AX9K	1.326	0.246255360621026	(0.795,1.33]	0.246255360621026
GTEX-1AYCT	0.7616	0.538443132186112	[0,0.795]	0.538443132186112
GTEX-1B8KE	1.241	0.195641120299289	(0.795,1.33]	0.195641120299289
GTEX-1B8L1	1.213	0.502877257248821	(0.795,1.33]	0.502877257248821
GTEX-1B932	1.453	0.428182699534942	(1.33,5.74]	0.428182699534942
GTEX-1B97I	0.8358	0.355781976777952	(0.795,1.33]	0.355781976777952
GTEX-1B996	1.613	0.333487208469654	(1.33,5.74]	0.333487208469654
GTEX-1BAJH	2.342	0.324441427852776	(1.33,5.74]	0.324441427852776
GTEX-1C2JI	1.204	0.305642287246974	(0.795,1.33]	0.305642287246974
GTEX-1C475	1.399	1.24652469304291	(1.33,5.74]	1.24652469304291
GTEX-1C4CL	1.355	0.276914088447201	(1.33,5.74]	0.276914088447201
GTEX-1C6VQ	1.318	0.3547453019711	(0.795,1.33]	0.3547453019711
GTEX-1CB4F	0.5789	0.307828229311923	[0,0.795]	0.307828229311923
GTEX-1CB4G	2.158	0.475120577476294	(1.33,5.74]	0.475120577476294
GTEX-1E2YA	0.4105	0.326914594494841	[0,0.795]	0.326914594494841
GTEX-1EMGI	1.336	1.71003681627084	(1.33,5.74]	1.71003681627084
GTEX-V955	0.7116	0.476736431318519	[0,0.795]	0.476736431318519
GTEX-WFG7	0.3732	0.253925604720205	[0,0.795]	0.253925604720205
GTEX-WFG8	0.5242	0.222870934624416	[0,0.795]	0.222870934624416
GTEX-WFON	1.934	0.541397856111568	(1.33,5.74]	0.541397856111568
GTEX-WHPG	0.8505	0.488079280248419	(0.795,1.33]	0.488079280248419
GTEX-WHWD	1.2	0.452244867358379	(0.795,1.33]	0.452244867358379
GTEX-WI4N	1.327	0.775298547185303	(0.795,1.33]	0.775298547185303
GTEX-WQUQ	1.79	1.40794736207697	(1.33,5.74]	1.40794736207697
GTEX-WRHK	1.049	0.810600471888329	(0.795,1.33]	0.810600471888329
GTEX-WXYG	1.278	0.51338774609289	(0.795,1.33]	0.51338774609289
GTEX-WY7C	1.289	0.210583989585184	(0.795,1.33]	0.210583989585184
GTEX-WYVS	1.518	0.294047038954814	(1.33,5.74]	0.294047038954814
GTEX-X15G	1.493	0.261465326660122	(1.33,5.74]	0.261465326660122
GTEX-X4EO	1.744	0.562321123924697	(1.33,5.74]	0.562321123924697
GTEX-XAJ8	0.2284	0.278997978776311	[0,0.795]	0.278997978776311
GTEX-XBED	1.535	0.765569613217792	(1.33,5.74]	0.765569613217792
GTEX-XQ8I	4.343	0.312567305221089	(1.33,5.74]	0.312567305221089
GTEX-XUW1	1.779	0.33384779881397	(1.33,5.74]	0.33384779881397
GTEX-XUZC	0.8676	0.249378823716031	(0.795,1.33]	0.249378823716031
GTEX-XV7Q	0.5848	0.431124249039907	[0,0.795]	0.431124249039907
GTEX-XXEK	0.3441	0.261797711706207	[0,0.795]	0.261797711706207
GTEX-Y114	0.6468	0.324146949002795	[0,0.795]	0.324146949002795
GTEX-Y3I4	1.428	0.300371792196617	(1.33,5.74]	0.300371792196617
GTEX-Y5LM	0.9652	0.356846609085813	(0.795,1.33]	0.356846609085813
GTEX-Y8LW	2.511	1.48027101950089	(1.33,5.74]	1.48027101950089
GTEX-Y9LG	0.5918	0.398179754700803	[0,0.795]	0.398179754700803
GTEX-YEC3	1.03	0.378812405561667	(0.795,1.33]	0.378812405561667
GTEX-YECK	0.1065	0.923842794133935	[0,0.795]	0.923842794133935
GTEX-YF7O	0.7977	0.239001062435753	(0.795,1.33]	0.239001062435753
GTEX-YFCO	0.9204	0.23994033395458	(0.795,1.33]	0.23994033395458
GTEX-YJ8A	0.649	1.4789908455824	[0,0.795]	1.4789908455824
GTEX-YJ8O	1.101	0.566020981859868	(0.795,1.33]	0.566020981859868
GTEX-Z93S	1.511	0.481932534793866	(1.33,5.74]	0.481932534793866
GTEX-ZA64	1.102	0.242681922667376	(0.795,1.33]	0.242681922667376
GTEX-ZAB4	1.113	1.73181861321766	(0.795,1.33]	1.73181861321766
GTEX-ZAB5	2.232	0.318600516019735	(1.33,5.74]	0.318600516019735
GTEX-ZAJG	1.989	0.692980412726763	(1.33,5.74]	0.692980412726763
GTEX-ZC5H	1.511	1.11178826310232	(1.33,5.74]	1.11178826310232
GTEX-ZDTS	0.4801	0.163752560272803	[0,0.795]	0.163752560272803
GTEX-ZE7O	1.251	0.203455581598789	(0.795,1.33]	0.203455581598789
GTEX-ZE9C	2.041	0.672051527949961	(1.33,5.74]	0.672051527949961
GTEX-ZF28	1.847	0.273528600837536	(1.33,5.74]	0.273528600837536
GTEX-ZF29	0.8381	0.509129152311822	(0.795,1.33]	0.509129152311822
GTEX-ZF2S	0.429	0.363722298859564	[0,0.795]	0.363722298859564
GTEX-ZG7Y	0.5874	0.341534849744969	[0,0.795]	0.341534849744969
GTEX-ZLFU	0.2058	0.559063201189884	[0,0.795]	0.559063201189884
GTEX-ZLV1	0.2031	0.30272935865852	[0,0.795]	0.30272935865852
GTEX-ZP4G	0.7519	0.256829634591137	[0,0.795]	0.256829634591137
GTEX-ZPCL	0.1627	0.150037455527074	[0,0.795]	0.150037455527074
GTEX-ZPIC	0.794	0.321740216352417	[0,0.795]	0.321740216352417
GTEX-ZPU1	0.7923	0.332947134808246	[0,0.795]	0.332947134808246
GTEX-ZQG8	0.7345	0.23492392563486	[0,0.795]	0.23492392563486
GTEX-ZT9W	0.8994	0.274102179436132	(0.795,1.33]	0.274102179436132
GTEX-ZTSS	0.4463	0.262718420349811	[0,0.795]	0.262718420349811
GTEX-ZTTD	2.171	0.565228696807261	(1.33,5.74]	0.565228696807261
GTEX-ZV6S	0.2793	0.450351715808868	[0,0.795]	0.450351715808868
GTEX-ZVT2	0.7802	0.212288867647101	[0,0.795]	0.212288867647101
GTEX-ZVT3	1.941	0.543536857809464	(1.33,5.74]	0.543536857809464
GTEX-ZVT4	1.04	0.450994272788711	(0.795,1.33]	0.450994272788711
GTEX-ZVZQ	0	0.135422986620017	[0,0.795]	0.135422986620017
GTEX-ZXES	0.5367	0.220002992707395	[0,0.795]	0.220002992707395
GTEX-ZY6K	1.227	0.343794298583032	(0.795,1.33]	0.343794298583032
GTEX-ZYFD	1.747	0.155811720818123	(1.33,5.74]	0.155811720818123
GTEX-ZYFG	1.602	0.233959024145202	(1.33,5.74]	0.233959024145202
GTEX-ZYT6	0.4824	0.288102761138328	[0,0.795]	0.288102761138328
GTEX-ZYY3	3.189	0.203263993250688	(1.33,5.74]	0.203263993250688
GTEX-ZZ64	0.7498	0.354879691093838	[0,0.795]	0.354879691093838
